          14929.595703125     446.97     3.40
          14929.596679688     448.80     3.24
          14929.597656250     440.40     2.96
          14929.598632812     452.61     3.30
          14929.599609375     453.09     3.72
          14929.600585938     453.47     3.20
          14929.602539062     463.40     3.19
          14929.603515625     454.88     3.27
          14929.604492188     471.42     2.82
          14929.605468750     465.36     2.94
          14929.606445312     464.39     2.97
          14929.607421875     465.08     3.11
          14929.609375000     469.23     3.02
          14929.610351562     473.35     3.01
          14929.611328125     477.53     2.93
          14929.612304688     482.17     2.98
          14929.613281250     475.99     2.82
          14929.614257812     486.06     2.90
          14929.616210938     490.08     3.18
          14929.617187500     488.56     2.80
          14929.618164062     493.17     2.89
          14929.619140625     492.41     3.48
          14929.620117188     498.32     2.82
          14929.621093750     498.13     3.05
          14929.623046875     497.11     3.07
          14929.624023438     515.72     3.08
          14929.625000000     503.88     3.26
          14929.625976562     504.70     3.39
          14929.626953125     504.49     3.19
          14930.591796875     179.40     2.92
          14930.592773438     182.31     2.72
          14930.593750000     187.06     2.49
          14930.594726562     188.12     2.51
          14930.595703125     188.81     2.75
          14930.597656250     190.40     2.74
          14930.598632812     192.29     3.10
          14930.599609375     195.42     3.13
          14930.600585938     212.10     2.84
          14930.601562500     211.01     3.01
          14930.602539062     213.73     3.02
          14930.604492188     205.45     2.93
          14930.605468750     212.03     3.18
          14930.606445312     210.80     2.98
          14930.607421875     207.94     2.80
          14930.608398438     211.89     2.76
          14930.609375000     212.37     2.81
          14930.611328125     218.62     2.63
          14930.612304688     219.35     2.76
          14930.613281250     222.16     3.25
          14930.614257812     222.62     2.61
          14930.615234375     227.86     2.85
          14930.616210938     230.96     2.70
          14930.618164062     222.28     2.89
          14930.619140625     240.02     2.59
          14930.620117188     234.10     2.49
          14930.621093750     239.41     2.62
          14930.622070312     238.97     2.98
          14930.623046875     244.49     2.61
          14930.625000000     243.34     2.84
          14931.585937500     -83.33     2.47
          14931.586914062     -82.84     3.08
          14931.587890625     -78.64     2.90
          14931.588867188     -78.76     2.78
          14931.589843750     -76.38     2.65
          14931.590820312     -76.74     2.92
          14931.592773438     -70.88     2.59
          14931.593750000     -75.76     2.47
          14931.594726562     -66.19     2.65
          14931.595703125     -75.71     2.76
          14931.596679688     -64.52     2.56
          14931.597656250     -63.62     2.90
          14931.599609375     -62.86     2.50
          14931.600585938     -70.19     2.62
          14931.601562500     -59.68     2.57
          14931.602539062     -65.25     2.57
          14931.603515625     -56.82     3.06
          14931.604492188     -53.34     2.81
          14931.606445312     -51.89     2.65
          14931.607421875     -52.52     2.32
          14931.608398438     -51.23     2.60
          14931.609375000     -44.65     2.75
          14931.610351562     -42.90     2.75
          14931.611328125     -45.98     2.90
          14931.613281250     -37.51     2.81
          14931.614257812     -38.93     2.84
          14931.615234375     -37.70     2.63
          14931.616210938     -41.91     2.75
          14931.617187500     -26.14     2.72
          14931.618164062     -33.29     2.22
          14932.588867188    -310.46     3.55
          14932.589843750    -303.39     3.06
          14932.590820312    -299.26     2.78
          14932.592773438    -296.67     3.06
          14932.593750000    -305.98     2.56
          14932.594726562    -304.60     2.67
          14932.595703125    -293.38     2.88
          14932.596679688    -296.09     2.97
          14932.597656250    -292.53     2.83
          14932.598632812    -292.52     2.58
          14932.600585938    -295.79     2.70
          14932.601562500    -293.37     2.69
          14932.602539062    -287.95     2.49
          14932.603515625    -287.66     2.69
          14932.604492188    -286.28     3.19
          14932.605468750    -288.33     2.86
          14932.607421875    -288.63     2.78
          14932.608398438    -283.27     2.92
          14932.609375000    -286.42     2.56
          14932.610351562    -276.33     2.85
          14932.611328125    -283.37     3.11
          14932.612304688    -269.71     2.69
          14932.614257812    -286.87     2.94
          14932.615234375    -267.87     2.92
          14932.616210938    -272.04     2.66
          14932.617187500    -272.27     3.24
          14932.618164062    -272.15     2.79
          14932.619140625    -271.11     2.75
          14932.621093750    -262.82     2.73
          14932.622070312    -268.13     2.86
          14933.596679688    -502.82     3.04
          14933.597656250    -499.99     2.83
          14933.598632812    -498.98     2.63
          14933.599609375    -502.82     3.46
          14933.601562500    -500.31     2.76
          14933.602539062    -500.67     3.29
          14933.603515625    -496.53     3.09
          14933.604492188    -499.19     3.11
          14933.605468750    -498.82     3.24
          14933.606445312    -490.66     2.94
          14933.608398438    -490.48     2.86
          14933.609375000    -495.78     3.27
          14933.610351562    -480.84     2.98
          14933.611328125    -488.83     3.12
          14933.612304688    -493.63     2.59
          14933.613281250    -489.93     2.61
          14933.615234375    -492.98     2.84
          14933.616210938    -485.44     2.74
          14933.617187500    -484.33     2.81
          14933.618164062    -481.66     2.82
